äußere Orientierung der Bilder

Reihenfolge: Bildnummer, X0 [m], Y0 [m], Z0 [m], Kappa [DEG], Phi [DEG], Omega [DEG]

1 4.21E+3 3.20E+3 801 0.26834107 0.011982148 0.25839310
2 4.37E+3 3.20E+3 798 0.35701581 0.016509327 0.21245459
3 4.52E+3 3.20E+3 801 -0.22583987 0.11124492 0.20015401
4 4.69E+3 3.20E+3 801 -0.12203020 0.14687423 0.15572347
5 4.84E+3 3.20E+3 800 -0.12467445 0.14382091 0.012589055


Übertragungspunkte

Reihenfolge: Punktnummer, X [m], Y [m], Z [m]

1000 4.37E+3 3.38E+3 201
1001 4.36E+3 3.20E+3 216
1002 4.37E+3 3.01E+3 200
1003 4.53E+3 3.38E+3 196
1004 4.53E+3 3.01E+3 202
1005 4.68E+3 3.38E+3 200
1006 4.68E+3 3.20E+3 219
1007 4.68E+3 3.01E+3 198
