******** Ausgeglichene Messwerte x' und y' ********

Reihenfolge: Bildnummer, Punktnummer, x' [mm], y' [mm]

1 1 0.316 36.4 
1 2 -1.16 -38.3 
1 1000 32.1 35.7 
1 1001 32.2 -0.531 
1 1002 32.3 -38.8 
2 1 -31.9 36.7 
2 2 -33.3 -38.3 
2 3 33.0 0.252 
2 1000 -0.0118 35.9 
2 1001 -0.790 -0.484 
2 1002 0.0162 -38.9 
2 1003 32.0 35.7 
2 1004 31.9 -38.9 
3 3 0.280 0.959 
3 1000 -31.8 36.1 
3 1001 -33.1 -0.117 
3 1002 -31.0 -38.3 
3 1003 0.292 36.2 
3 1004 0.630 -38.0 
3 1005 31.9 36.3 
3 1006 32.7 0.607 
3 1007 31.9 -38.0 
4 3 -32.8 1.01 
4 4 32.0 37.6 
4 5 33.2 -38.6 
4 1003 -31.3 36.3 
4 1004 -31.5 -38.0 
4 1005 0.121 36.3 
4 1006 -0.247 0.599 
4 1007 0.00304 -38.0 
5 4 0.334 37.3 
5 5 1.16 -38.8 
5 1005 -31.7 36.1 
5 1006 -33.2 0.310 
5 1007 -31.8 -38.3 


Punktlagestandardabweichung der Beobachtungen [mm]:  2.556916024381353E-4


******** Punktlagestandardabweichung der Unbekannten ********

Bilder

Reihenfolge: Bildnummer, s_X0 [m], s_Y0 [m], s_Z0 [m], s_Kappa [DEG], s_Phi [DEG], s_Omega [DEG]

1 0.0207 0.0155 0.00288 0.00024609556 0.0019586184 0.0013556720
2 0.0111 0.00732 0.00247 0.00016340008 0.0010196876 0.00065961904
3 0.0111 0.00943 0.00389 0.00022053301 0.0010565904 0.00086002902
4 0.0111 0.00730 0.00245 0.00016313046 0.0010188647 0.00065550743
5 0.0206 0.0149 0.00280 0.00024425363 0.0019582114 0.0013065412


Übertragungspunkte

Reihenfolge: Punktnummer, s_X [m], s_Y [m], s_Z [m]

1000 0.00112 0.00199 0.00690
1001 0.00102 0.00117 0.00515
1002 0.00112 0.00206 0.00686
1003 0.00106 0.00174 0.00571
1004 0.00106 0.00178 0.00550
1005 0.00112 0.00198 0.00691
1006 0.00102 0.00118 0.00506
1007 0.00112 0.00205 0.00706


Insgesamt wurden 2 Iterationen durchgeführt.
