1 1 0.316 36.395
1 2 -1.164 -38.261
1 1000 32.093 35.720
1 1001 32.245 -0.531
1 1002 32.270 -38.776
2 1 -31.868 36.659
2 2 -33.305 -38.313
2 3 33.007 0.252
2 1000 -0.012 35.932
2 1001 -0.790 -0.484
2 1002 0.016 -38.884
2 1003 31.979 35.731
2 1004 31.948 -38.910
3 3 0.280 0.959
3 1000 -31.808 36.089
3 1001 -33.058 -0.117
3 1002 -31.037 -38.293
3 1003 0.292 36.227
3 1004 0.630 -38.011
3 1005 31.929 36.281
3 1006 32.741 0.607
3 1007 31.944 -38.015
4 3 -32.781 1.010
4 4 31.993 37.573
4 5 33.239 -38.593
4 1003 -31.311 36.305
4 1004 -31.478 -37.970
4 1005 0.121 36.308
4 1006 -0.247 0.599
4 1007 0.003 -38.036
5 4 0.334 37.340
5 5 1.157 -38.837
5 1005 -31.724 36.069
5 1006 -33.170 0.310
5 1007 -31.772 -38.278